end_time: 1577166451.755326
ingestion_duration: 3.2400481700897217
n_update: 4
time_stats:
  load:
    max: 0.044503211975097656
    mean: 0.03994190692901611
    std: 0.003622406655791554
    sum: 0.39941906929016113
  predict:
    max: 0.02624344825744629
    mean: 0.016036023264345917
    std: 0.003679330751720654
    sum: 0.36882853507995605
  save:
    max: 0.08632135391235352
    mean: 0.054874849319458005
    std: 0.01252169457928566
    sum: 0.5487484931945801
  train:
    max: 0.4679739475250244
    mean: 0.4679739475250244
    std: 0.0
    sum: 0.4679739475250244
  update:
    max: 0.39286279678344727
    mean: 0.36376953125
    std: 0.029195153741728194
    sum: 1.455078125
