score: 171.5831718753051
Duration: 3.2400481700897217
